60 40.939285 23.933127 0.301024 0.175979
70 41.757596 24.675454 0.307041 0.181437
80 41.374151 23.950737 0.304222 0.176108
90 41.870396 24.297029 0.307871 0.178655
100 41.266323 23.920312 0.303429 0.175885
110 41.304572 23.880792 0.303710 0.175594
120 41.816488 23.674109 0.307474 0.174074
130 42.032634 23.807302 0.309063 0.175054
140 42.551480 24.244348 0.312879 0.178267
150 42.529452 24.156348 0.312717 0.177620
160 43.200138 24.763842 0.317648 0.182087
170 43.009134 24.477920 0.316244 0.179985
180 44.598002 25.011207 0.327926 0.183906
190 44.585991 24.941182 0.327838 0.183391
200 45.101712 25.393198 0.331630 0.186715
210 45.283303 25.383488 0.332965 0.186643
220 45.653163 25.788171 0.335685 0.189619
230 45.737656 25.737273 0.336306 0.189245
240 43.596186 27.132554 0.320560 0.199504
