60 29.114238 5.909647 0.214075 0.043453
70 31.274456 5.593862 0.229959 0.041131
80 34.377852 5.738691 0.252778 0.042196
90 36.762605 5.713096 0.270313 0.042008
100 38.907981 5.967579 0.286088 0.043879
110 41.738302 6.021624 0.306899 0.044277
120 43.039812 5.968372 0.316469 0.043885
130 42.964162 6.291371 0.315913 0.046260
140 44.290450 6.443969 0.325665 0.047382
150 47.761276 6.520510 0.351186 0.047945
160 49.269578 6.702611 0.362276 0.049284
170 52.756475 6.849106 0.387915 0.050361
180 57.438434 7.088195 0.422341 0.052119
190 57.211380 7.517446 0.420672 0.055275
200 57.149980 7.437210 0.420220 0.054685
210 57.324433 7.861238 0.421503 0.057803
220 57.267240 8.115544 0.421083 0.059673
230 57.147516 8.050588 0.420202 0.059195
240 15.692280 7.694703 0.115384 0.056579
