60 2.916182 2.896771 0.003161
70 2.532678 2.532450 0.003691
80 2.322980 2.322728 0.004796
90 1.953978 1.953730 0.005162
100 2.890941 2.890727 0.008578
110 1.850737 1.850476 0.005849
120 2.027710 2.027470 0.004626
130 1.911888 1.911597 0.004542
140 1.807442 1.807177 0.004776
150 1.665063 1.664803 0.005192
160 1.800513 1.800265 0.005815
170 1.737263 1.737013 0.006225
180 1.804045 1.803809 0.006755
190 1.740000 1.739753 0.006710
200 1.642166 1.641893 0.006688
210 1.581793 1.581561 0.007416
220 1.507914 1.507611 0.007970
230 1.450851 1.450568 0.009089
240 1.930359 1.930074 0.013017
