60 3.013717 2.990983 0.016855 0.007252
70 2.637594 2.637388 0.000612 0.007308
80 2.331860 2.331681 0.000729 0.007267
90 1.999042 1.998873 0.002304 0.007165
100 2.222725 2.222569 0.002518 0.007158
110 1.642054 1.641880 0.003152 0.007292
120 2.020776 2.020623 0.003639 0.007695
130 1.900479 1.900312 0.004215 0.007794
140 1.785692 1.785517 0.004696 0.007801
150 1.666177 1.665980 0.005210 0.007817
160 1.552247 1.552013 0.005755 0.007705
170 1.472024 1.471827 0.006361 0.007821
180 1.775545 1.775359 0.007184 0.008371
190 1.688916 1.688735 0.007691 0.008551
200 1.604783 1.604594 0.008715 0.008576
210 1.547278 1.547090 0.009433 0.008573
220 1.484659 1.484438 0.010105 0.008524
230 1.433853 1.433493 0.011036 0.008570
240 1.947581 1.947372 0.011746 0.007752
