60 1.181497 1.006901 0.009764 0.008321
70 1.108722 0.915039 0.009163 0.007562
80 0.989298 0.803592 0.008176 0.006641
90 0.915620 0.710677 0.007567 0.005873
100 0.849038 0.654814 0.007017 0.005412
110 0.781411 0.602177 0.006458 0.004977
120 0.815173 0.616410 0.006737 0.005094
130 0.809202 0.577109 0.006688 0.004769
140 0.862377 0.601138 0.007127 0.004968
150 0.836656 0.561681 0.006915 0.004642
160 0.768828 0.537867 0.006354 0.004445
170 0.745064 0.510805 0.006158 0.004222
180 0.823640 0.514807 0.006807 0.004255
190 0.843338 0.494624 0.006970 0.004088
200 0.830345 0.483715 0.006862 0.003998
210 0.718122 0.462744 0.005935 0.003824
220 0.728687 0.449116 0.006022 0.003712
230 0.819062 0.433037 0.006769 0.003579
240 1.080793 0.788697 0.008932 0.006518
