0 0 
1 0 
2 0 
3 0 
4 0 
5 0 
6 0 
7 0 
8 0 
9 0 
10 0 
11 0 
12 0 
13 0 
14 0 
15 0 
16 0 
17 0 
18 1 
19 1 
20 1 
21 2 
22 3 
23 3 
24 4 
25 6 
26 7 
27 8 
28 10 
29 12 
30 15 
31 17 
32 20 
33 24 
34 28 
35 32 
36 37 
37 42 
38 48 
39 55 
40 63 
41 71 
42 80 
43 90 
44 101 
45 114 
46 127 
47 141 
48 157 
49 174 
50 193 
51 213 
52 235 
53 258 
54 283 
55 311 
56 340 
57 372 
58 405 
59 442 
60 480 
61 522 
62 566 
63 613 
64 663 
65 717 
66 774 
67 834 
68 899 
69 967 
70 1039 
71 1115 
72 1196 
73 1281 
74 1372 
75 1467 
76 1567 
77 1673 
78 1785 
79 1902 
80 2026 
81 2156 
82 2292 
83 2435 
84 2586 
85 2743 
86 2909 
87 3082 
88 3263 
89 3453 
90 3651 
91 3858 
92 4075 
93 4302 
94 4538 
95 4785 
96 5042 
97 5310 
98 5589 
99 5880 
